909794 0.011461 25000
110118828 0.012325 25000
123712767 0.010695 25000
402612055 0.011937 25000
1297719401 0.010892 25000
105035826 0.014272 25000
32255740 0.01294 25000
575832435 0.012878 25000
37912252 0.017361 25000
449813877 0.01319 25000
81726841 0.010832 25000
22937715 0.013351 25000
146267774 0.012176 25000
474927129 0.01178 25000
72894816 0.011213 25000
111734478 0.01399 25000
1025039206 0.013659 25000
229931135 0.011835 25000
375113559 0.012907 25000
140908921 0.01344 25000
524253163 0.01168 25000
166974587 0.010747 25000
347008582 0.012737 25000
751621466 0.011254 25000
46727292 0.014802 25000
1388969039 0.011219 25000
45789973 0.01186 25000
30136423 0.013585 25000
225402920 0.012213 25000
194660241 0.01395 25000
254094244 0.01209 25000
179078492 0.012717 25000
513927083 0.011696 25000
40872699 0.013828 25000
18207119 0.01465 25000
39970142 0.013891 25000
514405627 0.010749 25000
332431256 0.012424 25000
40251066 0.012383 25000
263682428 0.010832 25000
489911592 0.010635 25000
431343710 0.012033 25000
950767440 0.013805 25000
263235634 0.016973 25000
1654037418 0.01111 25000
872040860 0.011715 25000
1273060969 0.011948 25000
220617104 0.011688 25000
1367093472 0.011897 25000
70805512 0.013119 25000
100659737 0.015653 25000
974541358 0.01245 25000
504764377 0.011056 25000
32587983 0.012573 25000
17299711 0.014552 25000
100084462 0.012398 25000
17044919 0.011428 25000
363364062 0.012866 25000
323703651 0.011217 25000
117040981 0.010796 25000
2103954998 0.013252 25000
65913359 0.011066 25000
25393595 0.01331 25000
194917640 0.011555 25000
123878886 0.012722 25000
98410521 0.0114 25000
269105394 0.013544 25000
18974026 0.012518 25000
54479666 0.012511 25000
376003688 0.012288 25000
743870074 0.011755 25000
223797212 0.013028 25000
403180432 0.013638 25000
80427881 0.01569 25000
825985377 0.011803 25000
1454008247 0.015595 25000
172209652 0.013634 25000
4614696 0.012793 25000
1372131 0.013679 25000
562523133 0.011353 25000
562236628 0.01467 25000
317616670 0.011975 25000
191145819 0.014872 25000
178531690 0.012454 25000
8052768 0.013693 25000
50578291 0.014937 25000
80752976 0.015364 25000
940586217 0.015638 25000
120490208 0.012485 25000
698799347 0.01219 25000
148465952 0.013606 25000
236578027 0.014637 25000
334584126 0.011443 25000
1799641117 0.011636 25000
345969973 0.011954 25000
143975050 0.014561 25000
1581144654 0.012281 25000
534908012 0.012911 25000
792703171 0.013465 25000
1681562 0.014057 25000
