93018 5.1e-05 25000
175976 7.3e-05 25000
152105 9.9e-05 25000
853367 5.8e-05 25000
43757 0.000118 25000
93016 4.8e-05 25000
140876 9.6e-05 25000
41401 0.000125 25000
2663328 6.6e-05 25000
154797 6e-05 25000
511345 9.9e-05 25000
1614701 9.6e-05 25000
688656 8.7e-05 25000
41409 6.2e-05 25000
1489816 8.4e-05 25000
315822 5e-05 25000
96260 5.8e-05 25000
92677 7.4e-05 25000
206215 5.5e-05 25000
5503783 4.8e-05 25000
53275 6.1e-05 25000
4639 4.7e-05 25000
271178 5.6e-05 25000
493490 6e-05 25000
215900 6.6e-05 25000
79799 4.8e-05 25000
55295 5.9e-05 25000
1308997 6.3e-05 25000
109038 4.4e-05 25000
57775 4.9e-05 25000
645714 4.8e-05 25000
160730 5.4e-05 25000
406057 4.9e-05 25000
1228533 6.8e-05 25000
317955 5.7e-05 25000
15112 7.1e-05 25000
46147 5.5e-05 25000
194768 4.9e-05 25000
13796 5.6e-05 25000
89906 9.1e-05 25000
56864 9.1e-05 25000
246840 7.3e-05 25000
359616 5.8e-05 25000
24002 4.5e-05 25000
53312 6e-05 25000
41500 4.5e-05 25000
60191 8.6e-05 25000
46978 6.3e-05 25000
153920 5.7e-05 25000
298736 5.9e-05 25000
9375 6e-05 25000
35024 4.6e-05 25000
768691 6.2e-05 25000
19471 6e-05 25000
254673 6.9e-05 25000
666478 6.7e-05 25000
5045 5.7e-05 25000
285686 6.5e-05 25000
706071 5.8e-05 25000
102545 0.000167 25000
337288 5.3e-05 25000
281471 6.9e-05 25000
13909 6.5e-05 25000
640440 5.4e-05 25000
170766 6.9e-05 25000
341027 5.2e-05 25000
610048 5.3e-05 25000
17796 4.8e-05 25000
61566 5.5e-05 25000
39884 0.000142 25000
137176 4.9e-05 25000
223812 6.2e-05 25000
139082 7.2e-05 25000
80147 6.9e-05 25000
29525 8.8e-05 25000
1071713 6.3e-05 25000
34710 0.000112 25000
26126 5.6e-05 25000
54843 7.7e-05 25000
425975 4.5e-05 25000
18264 6.9e-05 25000
361306 5.7e-05 25000
11401 0.000132 25000
3830 6.3e-05 25000
7352 7.9e-05 25000
102417 7.2e-05 25000
218104 6e-05 25000
661271 6.2e-05 25000
21944 0.000105 25000
12745 5.3e-05 25000
279748 6.3e-05 25000
24541 5.7e-05 25000
40576 5.7e-05 25000
136313 9.3e-05 25000
70461 4.6e-05 25000
178682 7.2e-05 25000
15328 0.00015 25000
491836 9.6e-05 25000
61049 7.3e-05 25000
8266 6e-05 25000
