136 1.59531 25000
158 1.525 25000
7 1.49312 25000
145 1.42836 25000
97 1.405 25000
42 1.45859 25000
50 1.39872 25000
219 1.44835 25000
32 1.44345 25000
49 1.50003 25000
299 1.47725 25000
63 1.51776 25000
2 1.41519 25000
147 1.48043 25000
72 1.41511 25000
32 1.4599 25000
244 1.46964 25000
441 1.46021 25000
119 1.45381 25000
31 1.45737 25000
179 1.432 25000
33 1.41727 25000
40 1.47628 25000
30 1.44756 25000
170 1.42457 25000
97 1.46762 25000
121 1.48225 25000
135 1.39577 25000
170 1.4568 25000
67 1.42098 25000
90 1.38168 25000
276 1.46214 25000
299 1.4078 25000
393 1.4303 25000
53 1.48948 25000
90 1.41144 25000
35 1.39806 25000
74 1.44197 25000
100 1.43451 25000
46 1.44709 25000
328 1.48997 25000
148 1.43172 25000
24 1.42414 25000
274 1.51245 25000
152 1.41396 25000
50 1.48859 25000
125 1.45907 25000
304 1.47549 25000
134 1.5086 25000
140 1.44166 25000
201 1.40808 25000
754 1.44147 25000
77 1.46436 25000
7 1.45498 25000
269 1.52899 25000
116 1.48139 25000
51 1.50163 25000
16 1.43842 25000
9 1.45131 25000
39 1.46675 25000
90 1.47995 25000
19 1.45955 25000
533 1.41682 25000
76 1.43159 25000
14 1.44926 25000
173 1.44373 25000
92 1.41973 25000
468 1.47488 25000
86 1.46507 25000
96 1.4611 25000
96 1.4682 25000
144 1.54366 25000
96 1.50098 25000
281 1.72778 25000
531 1.47524 25000
371 1.82992 25000
16 1.47906 25000
222 1.52223 25000
725 1.48395 25000
231 1.44701 25000
220 1.50826 25000
476 1.49681 25000
147 1.45581 25000
90 1.43594 25000
122 1.60886 25000
87 1.58866 25000
184 1.52657 25000
53 1.52866 25000
268 1.46094 25000
129 1.46838 25000
332 1.45227 25000
233 1.44163 25000
62 1.41876 25000
337 1.49406 25000
587 1.46056 25000
18 1.4819 25000
98 1.478 25000
102 1.4324 25000
43 1.42117 25000
372 1.60245 25000
