84 1.19456 25000
106 1.18322 25000
177 1.17451 25000
39 1.16003 25000
235 1.11614 25000
118 1.22217 25000
676 1.21147 25000
21 1.17712 25000
130 1.14967 25000
397 1.19111 25000
55 1.15156 25000
27 1.19663 25000
20 1.16269 25000
365 1.22944 25000
18 1.19027 25000
64 1.16076 25000
90 1.18197 25000
69 1.14644 25000
931 1.21167 25000
35 1.19762 25000
257 1.21284 25000
203 1.14404 25000
148 1.16708 25000
28 1.15657 25000
16 1.16646 25000
455 1.12344 25000
13 1.12847 25000
159 1.19559 25000
114 1.18893 25000
103 1.12374 25000
620 1.18015 25000
352 1.16696 25000
179 1.18009 25000
273 1.24904 25000
137 1.17668 25000
26 1.19416 25000
155 1.14349 25000
60 1.19018 25000
52 1.14701 25000
58 1.17691 25000
104 1.19647 25000
94 1.16577 25000
268 1.19578 25000
296 1.18474 25000
1422 1.15678 25000
626 1.19474 25000
449 1.14765 25000
354 1.24392 25000
382 1.18269 25000
252 1.21661 25000
45 1.15364 25000
90 1.244 25000
205 1.24804 25000
285 1.20376 25000
235 1.19372 25000
192 1.16068 25000
43 1.18881 25000
664 1.13235 25000
155 1.21826 25000
881 1.14967 25000
60 1.13677 25000
483 1.15643 25000
35 1.22471 25000
82 1.14881 25000
592 1.20645 25000
115 1.17694 25000
202 1.17733 25000
204 1.27279 25000
46 1.16671 25000
8 1.1167 25000
18 1.1815 25000
112 1.14713 25000
28 1.18904 25000
285 1.35715 25000
175 1.2659 25000
549 1.31498 25000
186 1.26403 25000
22 1.31506 25000
51 1.17662 25000
259 1.27676 25000
14 1.17186 25000
114 1.25734 25000
49 1.20154 25000
72 1.1968 25000
216 1.40743 25000
33 1.24183 25000
184 1.31481 25000
47 1.14274 25000
258 1.16524 25000
11 1.19825 25000
372 1.17182 25000
361 1.19638 25000
118 1.16555 25000
111 1.18126 25000
69 1.23594 25000
8 1.20011 25000
48 1.2701 25000
144 1.16569 25000
123 1.25306 25000
46 1.32121 25000
