208 1.15843 25000
208 1.168 25000
333 1.17878 25000
203 1.15201 25000
155 1.1608 25000
182 1.14051 25000
720 1.18683 25000
181 1.18856 25000
14 1.17979 25000
723 1.27659 25000
107 1.1301 25000
205 1.17715 25000
104 1.17579 25000
331 1.14818 25000
28 1.17314 25000
118 1.23094 25000
68 1.25393 25000
19 1.1558 25000
61 1.16892 25000
67 1.20539 25000
115 1.13864 25000
171 1.16777 25000
6 1.15494 25000
300 1.16093 25000
140 1.13242 25000
109 1.15575 25000
369 1.17228 25000
223 1.15145 25000
12 1.18699 25000
1 1.15701 25000
14 1.13472 25000
626 1.17749 25000
269 1.16936 25000
295 1.171 25000
111 1.2354 25000
144 1.23534 25000
377 1.16404 25000
8 1.14899 25000
172 1.2117 25000
48 1.16497 25000
72 1.16654 25000
284 1.15502 25000
322 1.14028 25000
508 1.187 25000
24 1.20639 25000
572 1.15661 25000
187 1.15309 25000
0 1.16559 25000
202 1.1934 25000
36 1.167 25000
61 1.20454 25000
176 1.21039 25000
223 1.26611 25000
305 1.25088 25000
191 1.22882 25000
70 1.12658 25000
101 1.16355 25000
106 1.14338 25000
121 1.16979 25000
167 1.15778 25000
126 1.16467 25000
83 1.15533 25000
279 1.17887 25000
178 1.1825 25000
430 1.10629 25000
135 1.1608 25000
136 1.17293 25000
52 1.17015 25000
184 1.1452 25000
170 1.20225 25000
62 1.33562 25000
0 1.13398 25000
258 1.42097 25000
127 1.2021 25000
135 1.47147 25000
5 1.33465 25000
68 1.29605 25000
12 1.23808 25000
161 1.15011 25000
347 1.31368 25000
144 1.23633 25000
336 1.15415 25000
111 1.1398 25000
144 1.19564 25000
360 1.40956 25000
43 1.41278 25000
98 1.22948 25000
195 1.23914 25000
26 1.1716 25000
125 1.19132 25000
306 1.15972 25000
351 1.14739 25000
18 1.17812 25000
211 1.17107 25000
171 1.21666 25000
128 1.25959 25000
482 1.19448 25000
4 1.17771 25000
205 1.32151 25000
144 1.40067 25000
