874956788 0.069649 25000
501568122 0.066903 25000
68237817 0.079202 25000
162746089 0.07252 25000
45876317 0.077632 25000
382012874 0.06781 25000
343895944 0.070496 25000
102349513 0.078874 25000
81521276 0.069482 25000
90451471 0.068907 25000
518206061 0.078547 25000
135120475 0.066849 25000
323126610 0.064055 25000
394670307 0.073272 25000
496288686 0.070304 25000
641754248 0.074612 25000
525518396 0.067184 25000
127037627 0.060832 25000
364114259 0.072493 25000
7398863 0.063475 25000
853238219 0.072346 25000
327751085 0.07873 25000
623314266 0.062066 25000
241699112 0.065075 25000
480774898 0.065327 25000
632289905 0.068252 25000
934439637 0.072386 25000
163707681 0.063 25000
122310160 0.065558 25000
155931981 0.065534 25000
59767624 0.06757 25000
215377804 0.062653 25000
60284127 0.075068 25000
146203681 0.062507 25000
25258055 0.066599 25000
89520864 0.068486 25000
41970383 0.076029 25000
85774700 0.070773 25000
353985964 0.068605 25000
477077844 0.065569 25000
83707666 0.077055 25000
129389200 0.086782 25000
260119666 0.079837 25000
54093524 0.07315 25000
560569674 0.06825 25000
73816254 0.065798 25000
387939427 0.062603 25000
159117710 0.069204 25000
664586936 0.069298 25000
36435506 0.070708 25000
334311389 0.07004 25000
186501860 0.066131 25000
189003785 0.077383 25000
86126755 0.065176 25000
840383901 0.073275 25000
1895304 0.069566 25000
182568153 0.063514 25000
245834988 0.071554 25000
53677001 0.066425 25000
11089953 0.071922 25000
92855914 0.066782 25000
358665013 0.073299 25000
55032575 0.070158 25000
643922712 0.061992 25000
180229326 0.072836 25000
143762073 0.076562 25000
247249778 0.06754 25000
208022844 0.07212 25000
831680460 0.076752 25000
13104992 0.070787 25000
134905966 0.071989 25000
53878722 0.075549 25000
539559156 0.067067 25000
130031791 0.0763 25000
435832783 0.073419 25000
253645833 0.078774 25000
45984612 0.071036 25000
144998066 0.069364 25000
6768003 0.067558 25000
168296799 0.074425 25000
222331986 0.071156 25000
276701292 0.066566 25000
244170879 0.069926 25000
227891210 0.067895 25000
109162826 0.075846 25000
159633143 0.075176 25000
140011294 0.078152 25000
586724293 0.076515 25000
296066796 0.068392 25000
58074079 0.071281 25000
68825898 0.065946 25000
429241703 0.06572 25000
2341665206 0.067083 25000
290303179 0.066645 25000
1741816781 0.0644 25000
307310506 0.069933 25000
583673734 0.070156 25000
635083974 0.067678 25000
613476355 0.068613 25000
90821900 0.073299 25000
