26918838 0.014569 25000
251407798 0.0128 25000
110288519 0.012966 25000
39368147 0.017861 25000
162909985 0.013027 25000
47425640 0.015869 25000
737240742 0.017457 25000
277246449 0.014132 25000
241914984 0.016202 25000
466042381 0.017281 25000
291681987 0.012857 25000
98973279 0.012652 25000
248368148 0.014538 25000
269394597 0.012927 25000
121804182 0.013047 25000
21523856 0.016798 25000
919281124 0.014895 25000
149747153 0.016555 25000
226678971 0.012887 25000
784022907 0.018048 25000
168691295 0.01449 25000
425243507 0.015964 25000
70624182 0.014037 25000
354425452 0.015278 25000
333351864 0.017226 25000
117789043 0.014348 25000
268320789 0.016608 25000
146068415 0.013576 25000
153500192 0.015345 25000
36874289 0.014571 25000
126213334 0.014833 25000
279152570 0.012595 25000
161284441 0.01478 25000
384009487 0.014702 25000
102352971 0.014537 25000
424437652 0.013444 25000
330730551 0.013373 25000
571448666 0.013882 25000
84971098 0.012945 25000
97198596 0.016389 25000
139539368 0.013747 25000
311752572 0.019654 25000
98081256 0.014937 25000
3682796 0.019726 25000
275946384 0.01293 25000
142848328 0.012704 25000
29474243 0.013653 25000
354966282 0.01347 25000
83074152 0.014987 25000
234976946 0.015642 25000
82241777 0.01306 25000
223994708 0.013837 25000
311887197 0.012679 25000
245374363 0.013723 25000
685142381 0.014711 25000
616151606 0.013569 25000
109713831 0.016809 25000
127513406 0.014668 25000
478096049 0.012743 25000
303939405 0.017866 25000
637173708 0.017719 25000
290869883 0.014745 25000
25290277 0.019265 25000
178213272 0.01621 25000
115481166 0.015187 25000
34110639 0.012914 25000
78439220 0.014584 25000
374973130 0.016719 25000
120522166 0.016643 25000
930024730 0.018708 25000
124361402 0.01271 25000
137602248 0.015636 25000
119669910 0.016786 25000
46150797 0.019263 25000
664335391 0.014687 25000
200596737 0.019232 25000
90234216 0.014403 25000
2189564 0.015075 25000
992176195 0.014205 25000
550505021 0.016458 25000
86887546 0.017593 25000
477125374 0.015476 25000
300183767 0.017742 25000
230456140 0.013667 25000
198657444 0.015004 25000
488589241 0.016903 25000
60612358 0.019212 25000
369502233 0.017462 25000
40482432 0.018572 25000
68001923 0.015223 25000
91187924 0.014102 25000
818243787 0.014428 25000
128323534 0.013989 25000
414198321 0.014153 25000
100275319 0.016087 25000
633802922 0.015283 25000
58699672 0.015356 25000
99210440 0.014338 25000
69600613 0.015301 25000
260677600 0.017374 25000
